1227.88910505837
1228.2197080292
1228.21681272314
1229.20409157331
1229.03460038987
1228.86494392979
1229.37616724739
1229.87011957052
1229.826171875
1229.7570591109
1229.85581622679
1229.80798696007
1229.74134427217
1229.83983637508
1229.78974861247
1229.72461415973
1229.82303921569
1229.55912484333
1229.70732400186
1229.63249877271
1229.75311067453
1229.83095823096
1229.78818776453
1229.7347106083
1229.67179133858
1229.77038594099
1229.83570516329
1229.87127719496
1229.85125484595
1229.87686235817
1229.7818679744
1229.73430555556
1229.49094202899
1229.61715274345
1229.32337148509
1229.23211831327
1229.39507626438
1229.31058887933
1229.22151914818
1228.82573128409
1228.71524148277
1228.601677892
1228.48524283504
1228.36612021858
1228.24447757897
1228.12046786155
1228.37777072087
1227.86589513855
1228.13818196602
1228.01497757848
1227.46942505816
1227.76235373106
1228.03102285994
1227.50214493075
1227.36943056943
1227.65745698579
1227.9230877193
1227.80106432527
1227.26753024211
1227.93413453514
1227.42389697428
1227.29474492683
1227.16399993632
1226.58692925239
1226.44676397899
1227.18901724427
1227.46088652216
1227.33622423328
1227.20995538448
1227.08214105975
1226.95283888629
1226.82210327456
1226.68998563853
1226.55653459814
1226.42179616549
1226.28581391642
1226.58391053391
1226.01028102772
1225.87080672205
1225.73024152757
1226.04547783276
1225.90792219821
1225.76925940846
1225.15771848527
1225.0121703854
1225.34694937053
1225.20417177198
1224.57014982225
1225.38695533023
1225.24593006835
1225.56112707232
1225.42279013165
1225.28344064122
1224.6723480127
1224.52670207629
1224.85957419684
1224.23286345466
1224.08471106666
1224.42747701737
1224.28171691364
1224.61388163356
1224.4705029838
1223.3323528535
1223.17967919178
1223.54082259953
1222.3342649633
1222.71752695902
1222.0175208559
1221.85825499689
1221.69840780688
1222.09218262456
1222.47269555637
1222.84028915838
1222.68768227826
1222.0049567904
1221.84780330082
1221.69004758129
1221.53169989773
1221.3727701607
1221.75831612459
1221.60123966942
1220.89258270852
1220.7314172573
1220.5697144669
1220.40748240166
1220.24472885996
1220.64659948595
1219.9176872732
1219.16632892663
1218.39299029979
1218.83127630734
1219.25766233766
1218.49442733653
1217.7099370542
1218.15582533626
1217.98587975013
1218.42201566302
1218.84679898196
1219.26046691323
1219.09590878605
1219.50073290988
1220.4370499761
1220.27875572703
1220.11990692339
1221.01601500505
1221.3698630137
1221.21759091071
1221.06470063568
1220.91120045587
1220.75709840937
1220.60240231267
1220.44711976793
1220.29125816994
1220.13482471286
1220.49656388861
1220.34165216688
1220.1861615823
1220.03009911946
1219.87347157882
1220.2344227728
1220.07927444506
1219.92355451318
1219.76726958234
1220.12551698813
1220.96645525018
1220.81634310909
1221.14921585401
1221.00057979783
1220.8513156905
1220.70143084261
1221.03242730368
1221.35546234039
1220.73492630365
1221.06211047424
1220.91447700015
1221.23594497608
1221.54977461233
1221.85608828507
1222.15500562229
1222.44664358018
1222.73111651686
1222.59545787546
1222.03110730094
1221.44848998352
1221.7506006006
1221.60932570128
1221.46737967915
1221.32476975969
1220.72542005144
1221.03758633327
1220.89302649226
1220.74783009384
1220.60200360248
1220.91307114675
1220.7685560054
1220.62340852515
1220.47763495443
1220.33124140817
1220.64318362534
1220.94844372644
1220.80523835564
1220.66139681354
1220.96390177542
1220.82132577802
1221.11927250698
1220.97795471354
1221.2714453584
1221.55866996714
1221.42051150604
1221.28168716323
1221.14220320098
1221.00206575651
1221.2907131873
1221.57330845178
1221.43627250461
1221.29856961796
1221.57896213184
1221.02118722281
1220.44751839651
1220.74120849211
1220.16138763198
1220.8898617964
1220.75008680089
1220.6096733497
1220.46862688016
1220.7578237145
1220.61793168195
1220.90320422434
1221.18283995681
1221.04588658052
1220.90828248057
1221.18594000945
1221.04946916648
1220.49161943073
1220.77458019011
1221.05208536937
1220.91543330088
1221.18931123852
1220.64019728333
1221.32408732343
1221.58915678067
1222.60606060606
1222.48011352036
1222.35345817547
1222.22610037393
1222.09804581757
1221.9693001096
1222.21929554735
1221.31875288766
1220.78307028224
1220.64688973894
1221.31539374753
1221.57408657091
1221.44301710622
1221.31128375879
1221.17889150125
1221.04584522266
1221.30644501036
1221.17443019056
1221.04176191088
1220.90844490524
1220.77448382913
1220.23409675683
1220.09660252835
1219.95849056604
1220.23228926588
1220.89884083443
1221.15681861792
1221.78654058864
1221.65890899293
1221.14960351731
1221.01834733894
1221.27202319355
1221.14174625723
1221.01081930415
1220.87924671858
1219.94953960979
1220.61418184171
1220.08169744911
1219.94538950077
1219.80846838832
1219.67093796824
1219.53280203648
1218.5498280149
1217.96984673874
1217.82367632368
1217.67694639658
1217.97223792475
1217.82642400852
1218.11864059481
1218.40635252361
1217.82827234274
1217.23759799711
1217.53566122989
1217.38852228785
1217.24083176021
1217.53731060606
1217.39050940322
1216.79447989316
1216.64461202808
1216.94680412293
1216.79781136205
1216.64827776963
1216.03979456271
1215.41923609552
1215.26429341963
1215.10883759888
1215.89259168505
1215.27194093296
1215.58662407445
1214.96118274936
1214.8050382044
1213.67499340505
1214.00647540115
1214.33357024402
1214.17541024728
1214.49947967657
1214.34213981143
1213.20417840562
1213.53780764249
1213.37717673744
1213.21605778009
1213.05445274085
1213.38763864846
1213.22683069817
1213.06553536557
1212.9037545739
1213.23652294432
1213.56508042047
1213.88946149392
1213.731030306
1213.57210232233
1213.41267950085
1213.2527637702
1213.57812852116
1213.89940614538
1213.74154302671
1213.58318101552
1213.42432203186
1213.26496796739
1213.10512068577
1212.94478202309
1212.78395378822
1213.11003407595
1212.46083570365
1212.78940416145
1213.11399632607
1212.95418945004
1212.79389087591
1212.63310235166
1211.97930381459
1210.80681818182
1210.63952007608
1209.95366601312
1209.78379702422
1210.13483806618
1209.96568627451
1211.32935739393
1211.16423385205
1211.49955476986
1210.83256676946
1211.17027330954
1211.99665486029
1211.83417173494
1211.67120534992
1211.50775723616
1211.34382890218
1211.67366688548
1211.51044837463
1210.84917733383
1210.6833427657
1209.49559363135
1208.27467952596
1208.63131313132
1208.98413476021
1209.84710215551
1210.18749526336
1210.01999647056
1210.35783741796
1210.69199855632
1210.02373949975
1210.36021411268
1210.69304303883
1210.52759513848
1211.34786397813
1211.18473936677
1211.02113138065
1210.85704137918
1210.6924707021
1210.52742066971
1210.85526384467
1210.69088527303
1210.52602637503
1210.36068843842
1210.68845374644
1211.01272660379
1211.33353009014
1210.68519057009
1209.02060791303
1208.85083283042
1209.1900140952
1209.0208880071
1208.33871567836
1208.68123214318
1207.47312348668
1207.2990171653
1206.59336609337
1206.4168182737
1206.23982095806
1207.12762598664
1206.42167253506
1206.77748399091
1206.60173173563
1206.42552653477
1205.71167691473
1205.53305764543
1205.35399192841
1205.71619408497
1205.53773738857
1206.43029932804
1206.25396366783
1206.0771743699
1205.89993228991
1205.72223826965
1205.54409313726
1205.90134080593
1205.72379707188
1205.54580099023
1206.43035343036
1206.25446605966
1206.60382331202
1205.90132051282
1205.72406398253
1206.07658344478
1205.89992063155
1205.72280107987
1205.54522558409
1205.36719492556
1205.1887098727
1205.54318181818
1205.3652814261
1205.18692545844
1204.47024064269
1204.28949470239
1205.18422923579
1205.00554205532
1205.35874498034
1205.18063432256
1204.46675170916
1204.28624766646
1204.10529113386
1203.92388277783
1203.19514679086
1203.55971320295
1203.92109862672
1203.73935013205
1204.09858725383
1204.45468237518
1204.80765308488
1204.09388119028
1204.4488865874
1204.26881624123
1204.088288696
1203.90730458688
1203.72586453774
1204.08182156605
1203.90093329563
1203.17881482199
1202.99555702954
1202.26264864793
1202.62768304405
1202.44306795701
1202.80602536998
1203.16593233486
1202.98285048906
1202.7993132737
1203.69557492769
1202.97517760566
1202.79172124012
1202.0606214331
1202.42344101228
1202.2386181914
1202.05334090987
1201.86760966307
1201.68142493639
1201.49478720534
1201.85951555736
1201.67340062063
1201.48683146572
1201.85054374015
1201.66449474969
1202.56913556196
1203.45771232031
1203.27605093496
1203.62516716461
1203.44402884834
1203.79126038281
1203.61064398711
1203.95600829387
1203.24800899165
1203.59534786468
1203.4143144464
1203.23281290379
1203.05084373307
1203.39830050016
1203.74294284193
1203.03492015016
1203.38152630857
1203.20011244625
1203.01822883
1202.83587593006
1202.65305420712
1201.93355654537
1201.74836401875
1201.5627063579
1201.37658396592
1200.64289859077
1200.45442936671
1200.26549882113
1199.51961238177
1199.88625514835
1199.69594269098
1200.61119531537
1200.96951917858
1200.7820564466
1200.59412819475
1200.40573476703
1200.2168764988
1200.02755371688
1199.83776673957
1200.7454961459
1200.55760261309
1200.36924160278
1200.18041343593
1199.43902513908
1199.24785834143
1199.0562273351
1198.86413238998
1198.67157376785
1199.0376510657
1199.40103955833
1199.20988394043
1199.01826172422
1198.8261731659
1199.18968982089
1198.44059800778
1197.68326694674
1197.48792766516
1197.85874365256
1198.78497677505
1199.14692349778
1198.95528792913
1199.31554071602
1199.12436498844
1199.48293806457
1199.29222125298
1198.548010772
1199.45886983198
1199.8141254529
1199.6243236473
1199.97794117647
1199.24329377879
1199.59877282963
1199.40847358596
1199.76232888088
1199.57248200629
1199.3821573571
1199.19135514903
1199.00007559008
1198.80831888059
1199.16427108353
1199.51770266771
1199.32731685977
1199.13645120894
1199.48922490172
1199.2988033611
1199.10790083845
1198.36819393072
1199.80967488624
1200.15684985876
1200.50156374628
1200.31388199662
1200.12571362741
1199.93705883994
1199.74791782795
1199.55829077756
1199.90518837859
1199.71599797169
1199.52632041562
1198.79492565249
1198.05548899708
1197.86155220921
1198.21730641639
1199.11273132326
1198.92153605629
1198.72985313911
1198.53768270577
1198.88800800475
1199.23593620827
1200.11314115763
1200.45301329287
1200.79052414061
1200.60386627158
1200.41671262472
1200.22906336089
1200.04091863356
1199.85227858888
1199.66314336566
1200.00382839362
1199.81511436891
1199.62590406857
1199.43619761631
1199.24599512863
1199.58800995935
1199.39822401137
1199.20794091405
1199.01716076896
1198.82588367057
1198.09436908649
1198.44183895661
1198.2490714949
1198.05580738766
1197.86204669447
1198.74745468535
1199.08984134079
1198.89879616792
1199.23981106613
1199.0491725094
1199.91503898857
1199.72621884073
1200.06135989314
1200.3942571619
1200.2067546639
1200.53832929498
1199.83023024021
1199.64120846778
1199.45168041215
1199.78689460767
1200.11988826865
1199.4081322777
1199.21799007554
1199.0273405766
1198.30388296551
1198.11081220082
1197.91723543493
1198.79167443769
1198.59989586417
1198.93792002909
1198.74653312789
1198.55463670658
1198.89226881502
1199.22771761675
1199.0371112071
1199.37128608203
1199.70329409459
1199.51397847357
1198.79909436834
1199.65580277706
1199.9853074303
1199.79676688142
1199.60770994716
1198.89493984776
1199.22804694111
1199.0374408618
1198.84631838217
1198.65467948179
1198.98834359799
1199.31988183461
1199.12951930492
1198.93863810006
1199.26985309773
1199.07934932096
1199.40935248092
1199.21922518243
1199.54802487003
1199.35827309771
1200.19935242866
1200.52189393794
1200.84236294731
1200.65620915033
1200.46952903562
1200.78973607039
1201.10788626255
1201.42398619151
1202.23222319168
1202.05006134996
1202.36004951179
1201.68414285593
1201.50038618559
1201.8130890663
1202.12377079921
1202.43243769718
1202.73909602942
1202.06874985464
1201.88610380419
1202.19547725219
1202.01319942612
1201.83038577582
1201.64703626684
1201.95711969681
1201.77413534816
1201.59061405999
1201.40655578225
1202.20842572062
1202.02616874397
1202.33301006704
1202.63788255016
1202.94079209124
1203.24174454764
1203.06255946967
1202.88283145561
1203.18364207845
1203.00427436052
1203.3040456689
1203.60188008713
1204.36750590529
1203.72058431691
1203.06592975675
1203.36454571725
1203.66123888474
1203.95601480811
1204.24887899821
1204.53983692801
1204.8288940329
1204.65458009734
1204.47971450038
1203.83564861259
1203.65822439412
1203.95180722892
1204.24349908642
1204.53330527202
1204.35804000413
1204.18222097658
1204.00584811582
1204.29648646146
1204.5852522381
1204.41013116237
1204.69793368139
1204.05822164637
1204.34782983439
1204.63557830747
1204.46059360684
1204.28505114197
1204.57275057531
1204.39755176789
1204.22179414033
1204.50944950285
1204.33403361345
1203.69116722399
1203.51317317011
1203.80442615564
1204.09384119997
1203.91708320094
1203.26977633741
1202.61480859809
1202.4334557463
1202.25154252617
1202.06906875799
1202.84474442286
1203.13860223999
1202.95880582729
1202.7784462753
1203.07226922929
1203.36427622762
1203.18513931889
1203.00543732165
1202.82517004741
1203.11804612749
1202.93810526699
1202.7575979576
1203.05045456105
1203.34151327595
1203.630778655
1203.45238066467
1204.20394746113
1204.48785983889
1204.31214506918
1204.59517798891
1204.87644064358
1204.70194566593
1204.52687756634
1204.80816709293
1204.17502120212
1203.99823252161
1203.82086988744
1204.10573610169
1203.92869163274
1203.75107203002
1203.57287705957
1203.39410648098
1203.68078381796
1203.50232762407
1203.78814627995
1203.61000356993
1203.89496855346
1203.71713842807
1203.53872956126
1203.35974168941
1203.18017454251
1203.00002784408
1202.81930131126
1203.10786281309
1202.45610757904
1202.74644236916
1202.56486019884
1202.38269632434
1202.67307360595
1202.4912127722
1202.78075179868
1203.06857148515
1203.3546757763
1203.17488970661
1202.99451833747
1203.28068535149
1202.63201841479
1202.44988920226
1202.73871263869
1203.02583221346
1203.3112517531
1203.13119072501
1202.95054081967
1202.76930169332
1203.51984084004
1203.34037275885
1203.16031385282
1203.44420371241
1203.7264114588
1203.54753285143
1203.36806147669
1203.18799697568
1203.00733898309
1202.82608712716
1202.64424102975
1202.46180030628
1202.2787645658
1202.09513341093
1202.38362222614
1203.13658149311
1203.41919185989
1203.23909300779
1203.52092981414
1203.3411170738
1203.62218463517
1203.44265715414
1204.1793729373
1204.45550050464
1203.36387249115
1203.1834267756
1204.37742006568
1204.20023198012
1204.4757450507
1203.84404574056
1203.665046757
1203.48544330042
1203.30523493982
1203.12442123776
1202.9430017503
1202.76097602704
1202.57834361111
1202.86181247693
1202.67945416196
1202.96218000369
1202.78009495139
1203.06208185869
1202.41409686931
1202.69784643487
1202.51481298402
1202.79782801642
1202.61506414355
1202.43168811551
1202.71485354393
1202.99641156661
1202.81418435188
1202.16368713139
1202.44788687455
1202.26381558853
1202.5472933537
1202.3634861017
1202.17906209982
1201.99402081564
1201.33421262944
1201.14643894438
1200.95804626863
1200.28642861828
1200.09530090049
1199.903552365
1200.19827421733
1200.0067779499
1199.81465919072
1200.1095356383
1199.91766723843
1199.72517465695
1200.02020968742
1200.31365980522
1200.12228963741
1200.41503245356
1200.22391016031
1200.51594954564
1200.32507430056
1200.61641409777
1200.90618267285
1201.19438285292
1201.00550543058
1201.29301687019
1201.10438535912
1201.3912117882
1201.67647955516
1201.48897048957
1201.30082834068
1200.63386761452
1200.44294668805
1199.76624434996
1199.57254191592
1199.86636954845
1199.67290344808
1199.47879933714
1199.28405651534
1200.06529444282
1200.35622123077
1200.6456043746
1200.45435820679
1200.26247097385
1201.03025656313
1200.84012104401
1200.64934294719
1200.45792156257
1200.7461962177
1200.55500652852
1200.36317171672
1200.65166824093
1200.93863814574
1201.22408392943
1201.50800807101
1201.79041303026
1201.60231729056
1201.88408453228
1201.69621893582
1201.97735184667
1202.72031392587
1202.5350882874
1202.81169654795
1203.08680129103
1202.90268747704
1203.17717327578
1203.45016082373
1203.7216523978
1203.99165025639
1203.81041573928
1204.07980659863
1203.89880188276
1203.71714175428
1203.53482546865
1203.35185227429
1203.62329153766
1203.89324692848
1203.71138352734
1203.52886102404
1203.79910375916
1204.06786820668
1204.3351564874
1204.60097070418
1204.86531294203
1204.68655709136
1204.06005683091
1203.87842623698
1203.69613134379
1203.964903276
1204.23220844812
1204.49804889061
1204.31774580564
1204.13677589317
1203.50344863553
1203.77283234035
1203.58985705917
1204.75187639225
1204.5722302892
1204.39191402252
1204.65635643092
1204.4762564883
1204.74013510697
1204.56025071148
1204.3796930801
1204.19846136651
1204.01655471704
1204.28253560876
1204.10084033614
1204.36626423885
1204.18477956242
1204.00261679978
1204.26837446632
1204.08642037248
1203.90378615781
1203.72047092808
1203.98745341286
1203.80434375267
1204.07077887422
1203.88787399936
1204.15376456407
1204.41822446265
1203.78767738884
1203.60360472861
1203.87073057677
1203.23339658445
1203.0472592063
1203.31704878649
1203.13110868566
1204.30045680239
1204.11787397673
1204.38197349806
1204.19958958647
1204.46316143833
1204.2809756605
1204.54402253464
1204.36203411114
1205.06587653528
1204.88567171179
1204.70477176462
1204.5231757149
1204.78466364508
1204.60326261653
1204.86423617546
1205.12380479689
1204.94349119195
1205.63873332376
1205.89409623748
1204.84160989823
1205.10105595523
1204.92042725929
1204.73909541583
1204.99893175524
1204.81778984049
1204.63594252222
1204.45338875696
1204.7145130093
1204.97424487365
1204.79277262432
1204.6105914497
1204.87072312007
1205.12946652271
1204.94836623554
1205.2066191654
1205.46348723089
1205.28346863944
1205.10273721317
1204.92129186603
1204.73913150375
1204.55625502379
1204.81622553507
1205.07481709716
1205.33203102095
1205.5878686019
1205.84233112007
1205.66322743216
1205.91721609366
1205.73829308209
1205.12159715285
1204.9396102176
1205.1971971972
1205.01538582359
1204.83284949188
1205.09086676584
1204.90850391317
1205.16605465342
1205.42224045764
1205.24095108285
1205.05893283454
1205.31555763824
1205.13371051606
1204.95113201259
1205.20819911182
1205.0257896262
1205.28240018184
1205.53765371764
1205.356315274
1205.17424146261
1204.99143105624
1205.24803876983
1205.50329365659
1205.32155237278
1205.57635998333
1205.82981756419
1205.64914640505
1206.33268679101
1207.00647273431
1207.25228707971
1207.49675677522
1207.73988277583
1207.98166602168
1207.80899908173
1208.05035150803
1207.46144343044
1207.28655222153
1207.11091707699
1207.35591283334
1206.75740988618
1207.00422689261
1206.40091157703
1206.64954956495
1206.89685251919
1206.71929989551
1206.54099544348
1205.93117891317
1206.18212574435
1206.00155781894
1206.25208468003
1206.07167101158
1206.32178005991
1206.14151985941
1206.39121324187
1206.2111057203
1206.46038557345
1206.28042994177
1206.09971142279
1206.34949386104
1206.59795302429
1206.84508968192
1207.09090458866
1206.91308170494
1207.15849229533
1206.98082024699
1207.22582858712
1207.88680926917
1208.53807768653
1208.77466024343
1209.00992656176
1209.24387726485
1208.66821993875
1208.90401484095
1209.13849607526
1208.96833729511
1209.20242889853
1209.03242479229
1209.26612869332
1209.49852199618
1210.12568253271
1209.95937896653
1209.79230526558
1209.62445999415
1209.85477839561
1210.08378962674
1209.91702578372
1210.14565856087
1209.97904857079
1209.81166273486
1209.64349957865
1209.47455761749
1209.30483535645
1209.53680768774
1209.36723275939
1209.59883322948
1209.82913312736
1209.66063535912
1210.28583284084
1210.11919828187
1210.34653151727
1209.78357380689
1210.01277249592
1210.24067424754
1210.0735475825
1210.30108695653
1210.13410545097
1209.96633333013
1209.79776901903
1210.02681797717
1210.25457379858
1210.08708680093
1209.91880457911
1209.74972552661
1209.57984802596
1209.40917044875
1209.64031726082
1209.46977497542
1209.70057052922
1209.93007807903
1210.15829787235
1209.98976792761
1210.61087510621
1210.44422586247
1210.66952515645
1210.89353825639
1211.11626533509
1210.95163838531
1210.78620560922
1210.61996532616
1210.45291584408
1210.28505545951
1210.11638245747
1209.94689511146
1210.56931143005
1210.40171362663
1209.83540914054
1210.06406874346
1209.49259569713
1208.91277166055
1208.73753458436
1208.56146893051
1208.79707796624
1209.03141246276
1209.26447253053
1209.0904152081
1208.91552600248
1208.73980305729
1208.97443257586
1209.20779017188
1209.43987590829
1209.67068983325
1209.90023198012
1210.12850236742
1209.95764470871
1209.78595041323
1210.01485496425
1209.84327533346
1210.07186365715
1209.90039788862
1210.12867169096
1210.35567678672
1210.18527996244
1210.41197296806
1210.63739792193
1210.4680719588
1209.89858399069
1209.72575830337
1209.95501489242
1210.18300653595
1210.01124705652
1210.23893361445
1210.06728135035
1209.89477432487
1210.12311863461
1209.95071617464
1210.17875976342
1210.40554112555
1210.2342055843
1209.65928009753
1209.88895160417
1210.11736318879
1210.34451465978
1210.17252214668
1210.39937957696
1210.62497729696
1210.45405251142
1210.67935844621
1210.50853427845
1210.73355006862
1210.95730706076
1211.179804969
1211.40104349204
1211.62102231308
1211.4541841394
1211.28647534077
1211.5071416812
1212.10948246781
1212.325395171
1212.16158703109
1212.37721632175
1213.33546045151
1213.54408512331
1213.38603998241
1213.594382103
1213.43645018024
1213.27764815354
1213.11797386599
1213.32800038292
1213.53676552748
1214.10624725516
1213.95050958353
1214.15548739673
1214.35920164086
1214.20456472782
1214.40800308158
1214.61017751646
1214.81108740937
1215.01073212082
1214.85917986411
1215.05855072464
1215.256655923
1215.4534947694
1215.64906655739
1215.50061302713
1215.69591276545
1215.88994483209
1215.74260782045
1215.9363692573
1216.12886234399
1215.98264450314
1215.83554713739
1216.02877122877
1215.88179272105
1216.0747500889
1215.92788979514
1215.78014391661
1215.63151014792
1215.82620878432
1216.01964100871
1216.21180595669
1216.0652964342
1215.91789554844
1216.11080592216
1215.96351872051
1215.81533583986
1216.00899592906
1216.20138960947
1216.05432780098
1216.24646506001
1216.09951495884
1216.29139707547
1216.4820117317
1216.33618627079
1216.52654698243
1216.38083325669
1216.57094128257
1216.7597806515
1216.61519523541
1216.80378305074
1216.9911010218
1216.8476469406
1216.70328449178
1216.891372913
1216.74712098145
1216.60195612845
1216.45587581872
1216.64576245022
1216.83438061874
1217.02172918479
1216.87780492835
1217.06490932688
1217.25074274035
1217.4353039731
1217.61859181075
1217.80060502012
1217.66090658653
1217.84267577923
1218.02316877562
1218.20238428504
1218.0648666314
1218.24383860573
1218.73235269675
1218.90644496696
1218.46261605447
1218.32636711839
1218.18919425594
1218.36744239368
1218.23038329256
1218.72009617311
1218.58512071342
1218.44921766426
1218.31238432824
1218.17461798915
1218.35319738832
1218.21554088743
1218.39388617812
1218.57095031265
1218.74673179971
1218.92122912775
1219.09444076492
1219.56731007958
1219.73560164228
1219.90260017994
1220.06830405806
1220.51992467719
1220.68067660696
1220.84012613698
1220.99827152768
1220.87734487735
1221.03524529421
1221.19183901787
1221.07211072591
1221.22845954388
1221.38349903172
1221.53722733986
1221.41976765699
1221.57325019685
1221.45593058271
1221.33768096484
1221.4919882698
1221.64498173002
1221.79665940451
1221.68069131802
1221.5637897583
1221.44595187635
1221.32717480259
1221.20745564668
1221.08679149744
1221.24360339778
1221.12306923672
1221.27964658293
1221.434909447
1221.31558565195
1221.4706138479
1221.62432452839
1221.77671560849
1222.19143440498
1222.59555522881
1222.73913843211
1222.88138691269
1223.02229841909
1222.91478167502
1223.0554455639
1222.94808058731
1223.08849749946
1223.22757263975
1223.36530365563
1223.26028213897
1223.39776420902
1223.5338984346
1223.43013156256
1223.32542015199
1223.21976117103
1223.35784945106
1223.49458822498
1223.14588384498
1223.03846871775
1222.93009455236
1223.07125589253
1222.96302742094
1223.10395017496
1223.24352395025
1223.38174620518
1223.51861437146
1223.65412585403
1223.7882780308
1223.44589853484
1223.34033709385
1223.47783872056
1223.61398178992
1223.74876362238
1223.6455912615
1223.54144901204
1223.67711151623
1223.5731198626
1223.46815270271
1223.36220670391
1223.25527850842
1223.39408226268
1223.53152357798
1223.66759965731
1223.56307607695
1223.21159459041
1223.10296839544
1222.99334481362
1222.8827203331
1222.51194479213
1222.13121866542
1222.28135548798
1222.43014225298
1222.57757615681
1222.4630348828
1222.61025569496
1222.23088404889
1222.11326705675
1221.99461734596
1221.87493112948
1222.02788020219
1222.17947858142
1221.78768138279
1221.66601337515
1221.82106497369
1221.9747670443
1221.85435573456
1222.00786122393
1222.16001267864
1222.04086378738
1222.19281790335
1222.3434133654
1221.95367470713
1221.8325127019
1221.98659780713
1221.86553549868
1221.46261629227
1221.33716696219
1221.21063542481
1221.37055811037
1221.52913051363
1221.68634955583
1221.56224823811
1221.71928597083
1221.87496556394
1222.30162942501
1222.45203436344
1222.3338235983
1222.21453105072
1222.36592970721
1222.24673594583
1222.12645296191
1222.00507640508
1221.88260189086
1222.03738010123
1222.19078816827
1222.34282271872
1222.22282352663
1222.10172104476
1222.25477116895
1222.13375896026
1222.01163564858
1222.16570894679
1222.31840463458
1222.46971920031
1222.35009111732
1222.50122781974
1222.38169120288
1222.53265089461
1222.41320521587
1222.56398874934
1222.4446334789
1222.59524170639
1222.74445713818
1222.62641008627
1222.50723403536
1222.65749420751
1222.80635737376
1222.9538197298
1223.09987743314
1223.24452660278
1223.38776331891
1223.52958362257
1223.41786684485
1223.30502087454
1223.19104084322
1223.33514760983
1223.47783495051
1223.61909878615
1223.5077001486
1223.64877988201
1223.78842953027
1223.67838284235
1223.56719436855
1223.70790797099
1223.84718648245
1223.73735557009
1223.62637571158
1223.51424179132
1223.65584980729
1223.54381594738
1223.93474613665
1224.07202565927
1223.96378034029
1223.85437665783
1223.74380936632
1223.8834410852
1223.77297596021
1223.91242976221
1224.05043003035
1224.18697216752
1224.32205153067
1224.21552260316
1224.35041632595
1224.48383968972
1224.61578791063
1224.51194318916
1224.87523954954
1224.77397471477
1224.9027610493
1224.80162179704
1224.93021152365
1225.2801424527
1225.40292679423
1225.52419781632
1225.64395028826
1225.76217892739
1225.8788783986
1225.99404331384
1226.10766823161
1226.21974765646
1226.13297027957
1226.04504013091
1225.95595170281
1226.07043616426
1226.18336959017
1226.29474631435
1226.20846728312
1226.1210245892
1226.23349728496
1226.14621741895
1226.05776450131
1226.17134294935
1226.28335505557
1226.19640139506
1226.3081832398
1226.41838884311
1226.52701218056
1226.44291587603
1226.35763923082
1226.46737620978
1226.57552266855
1226.49177003689
1226.59967791424
1226.70598479669
1226.62376673667
1226.7298306197
1226.83428278992
1226.93711677543
1227.0383260388
1227.30984560686
1227.23584391793
1227.33213912524
1227.25833972132
1227.18336010455
1227.2807676262
1227.20598709346
1227.13001641138
1227.05284937046
1226.97447970257
1226.8949010803
1227.17546090624
1227.27346511179
1227.36980226589
1227.29582382632
1227.39189215393
1227.31811573293
1227.41391471091
1227.50802916051
1227.60045166867
1227.69117474573
1227.62185140741
1227.71228864015
1227.64318268562
1227.73333333333
1227.82176595307
1227.75430884954
1227.52302031246
1227.45046946896
1227.54464050342
1227.63709464467
1227.7278239798
1227.96941168091
1227.90407616373
1227.67957576364
1227.6091003591
1227.70071513399
1227.63045358544
1227.72178708877
1227.81137254902
1227.89920160834
1227.98526582
1227.91962404163
1228.15206546295
1228.08937225471
1228.02543995384
1227.96026139174
1227.89382932678
1227.98047625744
1227.75717535183
1227.84680433166
1228.08517435182
1228.02069820285
1228.10494511505
1228.18737986287
1228.26799321101
1228.34677582373
1228.14427518428
1227.92880266625
1227.86094969061
1227.94913388798
1227.88150539635
1227.96939772437
1228.05546520173
1228.13969824985
1228.07536180621
1228.15928800119
1227.94277411915
1227.71297411198
1227.80491248915
1227.56666748064
1227.66171064543
1227.7549289085
1227.68286445013
1227.43674649686
1227.53465505231
1227.2798947453
1227.0114468737
1226.92653246637
1226.63986671224
1226.7524142633
1226.66319161746
1226.57251387044
1226.48037133783
1226.59591375577
1226.50389645922
1226.41039797562
1226.3154082986
1226.43398527979
1226.33910741181
1226.24272133096
1226.36275018627
1226.26646884273
1226.38633682171
1226.50441051603
1226.62067969021
1226.73513398718
1226.43334246973
1226.33737433472
1226.45676187701
1226.14078493863
1226.04014167651
1226.16449420623
1226.28704332828
1226.40777843253
1226.52668878018
1227.04872731577
1226.96131652661
1227.07113297532
1226.98386322636
1227.09348408094
1226.80465892617
1226.9176686217
1226.82741154898
1226.73557285129
1226.64214081048
1226.96275969681
1226.66506901259
1226.78115424506
1226.47357442774
1226.59311150029
1226.71076471929
1226.61603498542
1226.73353259644
1226.84912638323
1226.54262691406
1226.44468539918
1226.34506762819
1226.46768040453
1226.58839426561
1226.70719674986
1226.61119820517
1226.28998079274
1226.41411782828
1226.53634433507
1226.65664752899
1226.55912588695
1226.67929327748
1226.58185452574
1226.91378042281
1226.60453042964
1226.50543313301
1226.17464334939
1226.30195816645
1226.42733880254
1226.55077179477
1226.67224350003
1226.7917400921
1226.69471022765
1226.59589962277
1226.26594457905
1226.15983050972
1226.28863235619
1226.18254678586
1226.31126539506
1226.43801144906
1226.33384382913
1225.98746765938
1226.11989973983
1226.48293285426
1226.14246254541
1226.03265520395
1226.1649685855
1226.29529321397
1226.42361411497
1226.31767628919
1226.67418377587
1226.57213804714
1226.69631045015
1226.36227707344
1226.2544267849
1226.38449498116
1226.03279715938
1225.9189812923
1226.05499287708
1226.18898056961
1225.82525438101
1225.96324337094
1226.09920514269
1225.98528177102
1226.12122168998
1226.25510813837
1226.38692438318
1226.74802827739
1226.87147680682
1227.20748414513
1227.32237211917
1227.43505252911
1227.34362717575
1227.45616161616
1227.56645692694
1227.47722326254
1227.78025210084
1227.69522485259
1227.60821571432
1227.51920486016
1227.62902438618
1227.73654510075
1227.64978610681
1227.56099856806
1227.6705010225
1227.58182534939
1227.69116927853
1227.7981721834
1227.71179101922
1227.41922384804
1227.10706421742
1227.00568093385
1226.9021008294
1226.79630040696
1226.68825579415
1226.32943699991
1226.46533658708
1226.59900155745
1226.73041062535
1226.85954215091
1226.98637413292
1226.64094437113
1226.52813654586
1226.41295445331
1226.54894749216
1226.68265343624
1226.31597796144
1226.45432714278
1226.59038479178
1226.21623605876
1226.35698578497
1226.49543979228
1226.37738623778
1226.51589789103
1226.13371403388
1226.00803544538
1225.87975436939
1226.02785166641
1226.17365602913
1226.57687548374
1226.71320489578
1226.84713174936
1226.47833767515
1226.35698204755
1226.7536410841
1226.88765520243
1227.01920858188
1226.90782637842
1226.79382144802
1226.92793685811
1226.81381484752
1226.94798637548
1226.83374323536
1226.71679418226
1227.09967748642
1227.22882231931
1227.35537914813
1227.47931739177
1227.6006058731
1227.02756892231
1226.91279849815
1226.79521608565
1226.67478350721
1226.27744560923
1226.14552977154
1225.71426445816
1225.57044914734
1225.73149071453
1225.58723747981
1225.43979044848
1225.28910405834
1225.4559467278
1225.62037087807
1225.78234597483
1225.32019633559
1225.48776935222
1225.65289320822
1225.81553621432
1225.9756659995
1226.133249493
1226.28825290576
1226.15026737968
1225.38019459435
1225.22263513514
1225.06149167808
1224.18113558561
1223.99920293041
1223.8133768804
1224.0078582845
1224.2000196334
1224.01615729142
1223.82829366511
1223.63636363637
1223.83516623653
1223.64211853182
1223.84163261049
1223.64743692555
1222.61333122485
1222.82729199789
1223.03903507673
1222.82738410346
1223.03997718849
1223.66063407517
1223.86317829458
1222.82576372515
1223.04012023763
1222.8240105541
1223.03928178316
1223.25226344228
1223.4629202537
1223.67121602976
1223.46329198794
1222.81471290415
1222.58872833351
1222.81018692291
1223.02935340804
1221.87970714188
1222.11111651599
1222.34031812621
1222.56727589943
1222.33032364476
1222.55841792215
1222.31939098085
1222.07476193912
1221.82441772667
1222.06060606061
1221.8079027691
1221.54925302419
1221.28453312468
1221.52901703664
1220.73637009011
1220.98789157543
1221.23731129621
1221.48459166764
1221.21155532789
1220.93192049772
1221.18428571429
1220.90154019327
1220.61189972457
1220.86946749655
1221.12493114957
1221.37825058138
1221.62938439661
1221.87828985508
1222.12492281762
1221.85088405176
1222.09912314145
1221.82179752067
1222.07168731716
1221.79094795814
1221.50263983707
1221.75824742269
1222.01157863882
1222.26258451619
1223.02512844129
1223.26457627737
1223.00113385972
1222.72994268678
1222.45079609657
1222.70063391294
1222.94798377136
1222.66938892884
1222.38240186456
1222.63609972678
1222.34493284494
1222.60064989914
1222.30511508952
1222.56291380673
1222.81822687788
1223.07099080695
1223.32113948183
1223.03513570377
1223.28743838179
1222.99685068942
1223.25137923934
1223.50322471148
1223.75231220269
1222.33476797872
1222.60154776028
1222.86580798393
1221.94743524633
1220.96103623316
1220.58805588004
1220.87941176472
1221.16867593465
1219.39146250657
1219.69714109294
1219.27549732595
1219.58411102682
1219.89094597536
1219.46414272944
1219.77402597404
1220.08212226681
1220.38837537842
1220.69272600893
1220.27043056784
1220.57805065772
1220.88375671958
1220.45558990583
1220.01025719536
1220.3246606335
1220.63726843172
1220.94801607234
1221.25683503245
1221.56365247116
1221.12760503735
1220.67218853587
1220.98852623281
1221.30301285262
1221.61557320033
1221.92612685654
1222.23458771931
1222.54086349684
1222.10109890111
1222.41171575971
1222.72014461644
1223.02628045273
1223.3300099701
1222.11758844047
1222.43527929101
1222.75091256016
1223.06438022654
1222.59268587985
1222.91123260439
1223.22764530553
1223.54180042033
1223.06378352831
1223.3834688347
1223.70094199307
1224.77292826105
1224.32866713591
1225.37071180092
1224.94562647755
1225.24956902644
1225.55017301039
1225.84716732544
1225.41936728396
1224.95322102985
1225.26867291565
1225.58110589677
1225.89023445752
1226.19573070609
1226.49721622544
1226.79425196852
1225.54484341697
1226.66476422557
1226.96732186733
1227.92618579849
1228.19116347571
1228.44677444348
1227.43479919352
1226.068627451
1226.40556099953
1226.74018935686
1226.10135654851
1225.33855185912
1225.68997555014
1226.0410557185
1226.39179286763
1227.81418185765
1228.95632015618
1229.23344947736
1229.48642938405
1226.75857699808
1227.0578421822
1227.32343395005
1224.8243309003
1223.17315175107
0
